<?xml version="1.0"?>
<opencv_storage>
<calibration_Time>"Sat May 11 17:29:36 2013"</calibration_Time>
<nrOfFrames>25</nrOfFrames>
<image_Width>640</image_Width>
<image_Height>480</image_Height>
<board_Width>8</board_Width>
<board_Height>6</board_Height>
<square_Size>29.</square_Size>
<FixAspectRatio>1.</FixAspectRatio>
<!-- flags:  +fix_aspectRatio +fix_principal_point +zero_tangent_dist -->
<flagValue>14</flagValue>
<Camera_Matrix type_id="opencv-matrix">
  <rows>3</rows>
  <cols>3</cols>
  <dt>d</dt>
  <data>
    5.9117329884692379e+02 0. 3.1950000000000000e+02 0.
    5.9117329884692379e+02 2.3950000000000000e+02 0. 0. 1.</data></Camera_Matrix>
<Distortion_Coefficients type_id="opencv-matrix">
  <rows>5</rows>
  <cols>1</cols>
  <dt>d</dt>
  <data>
    4.6448884376048238e-01 -2.4273454549297044e+00 0. 0.
    3.7991091079867871e+00</data></Distortion_Coefficients>
<Avg_Reprojection_Error>3.6748454574126170e+00</Avg_Reprojection_Error>
<Per_View_Reprojection_Errors type_id="opencv-matrix">
  <rows>25</rows>
  <cols>1</cols>
  <dt>f</dt>
  <data>
    1.87200391e+00 2.37145066e+00 2.47244215e+00 2.93878436e+00
    3.98269486e+00 4.77834749e+00 5.43572664e+00 5.90433073e+00
    7.28166008e+00 7.36925697e+00 7.29310942e+00 1.27142286e+00
    1.88480878e+00 2.02363420e+00 1.59208810e+00 1.62723184e+00
    1.69381773e+00 1.90862751e+00 2.07811236e+00 2.03263140e+00
    2.43930888e+00 2.09120512e+00 2.05766129e+00 2.11447501e+00
    1.29493141e+00</data></Per_View_Reprojection_Errors>
<!-- a set of 6-tuples (rotation vector + translation vector) for each view -->
<Extrinsic_Parameters type_id="opencv-matrix">
  <rows>25</rows>
  <cols>6</cols>
  <dt>d</dt>
  <data>
    -1.0078954861912398e-01 1.2227241875096469e-01
    3.8775115316668322e-03 -1.3513484260981087e+02
    -6.7042675401647770e+01 4.4792520600187675e+02
    -1.1906087385443329e-01 2.2744162917342728e-01
    1.4526895288845310e-02 -1.3314026254865706e+02
    -6.3712124575733704e+01 4.6345212014261330e+02
    -1.5851852572917163e-01 2.0439438372423957e-01
    1.4793869067663669e-02 -1.3296189009241610e+02
    -6.3323057668638363e+01 4.7300114410510366e+02
    -1.6147033906161790e-01 2.9919613458803418e-01
    8.3974970844063902e-03 -1.2990384330795482e+02
    -6.0557939940217487e+01 4.8757689241872026e+02
    -1.3286420488703124e-01 5.0468975473226763e-01
    -8.2183199139967793e-03 -1.2556521744229879e+02
    -5.8987049605339713e+01 5.0852603157712122e+02
    -1.1493331344706927e-01 7.1251286065444652e-01
    -6.4028249217831425e-03 -1.1709552200745478e+02
    -5.7510812419558810e+01 5.2969094453145419e+02
    -1.1872434256116954e-01 8.2480278143146146e-01
    -1.5894987593800435e-02 -1.0715054943365320e+02
    -5.5661024745403147e+01 5.4861474611897063e+02
    -1.1327731141100607e-01 9.2553465316095951e-01
    -3.7402520969322353e-02 -1.0047274626891449e+02
    -5.5074255902407231e+01 5.6540133090342238e+02
    -8.6328054595653667e-02 9.8321307473959274e-01
    -5.5728364935599815e-02 -9.8118254238288372e+01
    -5.5730917212553656e+01 5.6504166552542767e+02
    -7.6779878463471923e-02 1.0364512643353627e+00
    -6.0841825522195088e-02 -9.2816212091770211e+01
    -5.7389301297026108e+01 5.7459070236845957e+02
    -7.6092815871036737e-02 9.9518801923196631e-01
    -1.2042803892640775e-02 -7.6235887999140857e+01
    -5.7249153273674061e+01 5.8339727013083973e+02
    -8.5339493937647670e-02 3.4823854736389437e-02
    5.3259359956025869e-02 -1.2644305291031326e+02
    -7.7942012955384129e+01 4.8589561002427138e+02
    -4.2921133388367054e-02 -5.7081830366777575e-01
    -5.3613642794353034e-01 -1.5600499432448694e+02
    -1.4749532281622958e+01 3.8779401018687713e+02
    -9.6173938853530358e-02 -8.7181925392621940e-01
    -1.3949676761461255e-01 -1.4616251493131497e+02
    -2.5317789430582160e+01 3.3739897144055328e+02
    -1.4990537964396972e-01 -8.8153974054363415e-01
    -1.2347459499036478e-01 -1.4583240353084139e+02
    -2.7963507317788405e+01 3.4231257639108151e+02
    -1.6124653835274283e-01 -8.5144537678779808e-01
    -1.2268673995028639e-01 -1.4956327514437976e+02
    -2.8227947979316504e+01 3.4581656985161158e+02
    -1.5452864372047651e-01 -8.0847478849120580e-01
    -1.1442601523540900e-01 -1.5196347926644364e+02
    -2.9176905032486008e+01 3.4861551705309222e+02
    -1.4269696313196439e-01 -7.7053178844808168e-01
    -9.7268986911232758e-02 -1.5203050118933791e+02
    -3.1955751472695578e+01 3.5277584869163195e+02
    -1.5014908875130523e-01 -6.4841445201376335e-01
    -8.3116744164909814e-02 -1.5349523414136021e+02
    -3.5945811497466572e+01 3.6964464917192970e+02
    -1.5886246866067280e-01 -5.7295034065861383e-01
    -7.5972579536077708e-02 -1.5205725556294738e+02
    -4.0873061002716618e+01 3.8307024181308498e+02
    -1.5818473415193482e-01 -4.5584400599347985e-01
    -7.4504573431599538e-02 -1.5172786596152187e+02
    -4.3036071711786299e+01 3.9813748481036185e+02
    -1.4662523195615429e-01 -3.1971881477548292e-01
    -5.2420092374154501e-02 -1.5034619655893550e+02
    -4.0285722700116231e+01 4.1528627369311334e+02
    -2.0400345658489877e-01 -7.7445013525715090e-02
    -1.5263879527624480e-01 -1.4745785408114952e+02
    -2.8600276980105669e+01 4.4787104755756820e+02
    -4.6314708780638247e-01 -2.1061816245347798e-02
    -1.4899749816397729e+00 -1.1464195454014101e+02
    1.2415240634607275e+02 4.3744374482127358e+02
    -4.6021515162183579e-01 1.8471173961313783e-01
    1.4633752207870241e+00 2.0575352560636961e+01
    -8.8302547993060045e+01 4.9588955546979105e+02</data></Extrinsic_Parameters>
